951.3695 344.1495 957.1835 424.3845 902.7635 424.4325 879.8965000000001 519.0085 885.5805 610.5885 1017.365 424.2895 1037.335 520.3905 1031.62 610.5215000000001 925.5355 607.685 931.3185000000001 742.354 931.3910000000001 879.7335 997.1745000000001 607.6125 997.2035000000001 742.3644999999999 997.2635 876.915 937.098 332.666 968.4939999999999 329.96 925.639 344.25649999999996 988.593 338.5235
951.39 344.1495 957.1965 424.40049999999997 902.7675 424.453 879.896 519.0195 885.574 610.6215 1017.385 424.3065 1037.33 521.7470000000001 1031.625 610.5315 925.5360000000001 607.692 931.329 742.367 931.383 879.749 997.1735000000001 607.6165 997.2105 742.3644999999999 997.269 876.9159999999999 938.5105 332.669 968.524 329.96 925.6465000000001 345.6335 988.6244999999999 338.515
951.4304999999999 344.1435 957.207 424.409 902.7775 424.467 879.896 519.0329999999999 884.1595 610.617 1017.39 424.313 1037.33 521.7565 1031.63 610.5550000000001 925.528 607.7295 931.3595 743.732 931.3710000000001 879.7615 997.172 607.6434999999999 997.2185 742.3775 997.273 876.9375 939.942 332.666 968.5715 329.9565 925.6585 347.023 988.6579999999999 338.525
951.4725000000001 342.756 957.213 424.4235 902.7775 424.492 879.799 519.0329999999999 881.2760000000001 610.591 1017.4 424.32550000000003 1037.335 521.7885 1031.63 610.59 925.5255 607.7655 931.3879999999999 743.7515000000001 931.3675000000001 879.7615 997.163 607.685 997.227 742.4095 997.2750000000001 876.9365 941.366 332.666 968.6144999999999 329.951 925.673 347.0435 990.038 339.9135
951.45 344.142 957.211 424.411 902.768 424.47 879.831 519.009 882.759 610.584 1017.39 424.314 1037.34 521.763 1031.63 610.55 925.527 607.696 931.369 742.426 931.378 879.758 997.178 607.67 997.222 742.393 997.274 876.919 939.97 332.666 968.592 329.96 925.668 347.036 988.675 338.525
951.487 344.142 957.215 424.436 902.779 424.514 879.734 519.008 879.793 610.532 1017.41 424.337 1037.34 521.814 1031.63 610.57 925.527 607.696 931.386 742.426 931.378 879.761 997.178 607.7 997.232 742.426 997.278 876.946 942.743 332.666 968.622 329.96 925.678 347.051 991.393 341.302
951.495 344.142 959.949 424.472 902.787 424.552 879.723 518.949 876.883 607.589 1020.03 424.379 1037.36 521.814 1031.64 610.57 925.527 607.696 931.39 742.438 931.378 879.762 997.178 607.717 997.251 745.08 997.304 876.956 942.75 332.672 968.628 329.96 925.689 347.057 991.393 341.348
951.497 344.142 959.958 424.478 902.788 424.553 874.117 513.283 851.194 584.881 1020.04 424.397 1037.36 521.814 1034.45 610.57 925.529 607.673 931.408 745.077 931.431 879.78 997.248 607.728 997.252 745.144 997.317 876.967 942.757 332.687 968.634 329.964 925.693 349.831 991.393 341.381
951.497 344.182 959.979 424.485 902.804 424.561 874.009 513.035 836.874 576.144 1020.04 424.415 1040.05 521.814 1034.49 610.55 925.612 607.671 931.469 742.438 931.442 879.792 997.296 607.728 997.284 745.144 997.319 876.978 942.757 332.737 968.634 330.005 925.694 349.869 991.393 344.164
951.504 344.192 959.979 424.488 902.804 427.218 868.368 507.45 831.114 556.155 1020.04 424.416 1040.05 521.799 1037.33 610.55 925.612 607.665 931.469 742.438 931.464 879.796 997.296 607.729 997.284 745.144 997.321 879.712 942.757 332.76 968.628 330.012 925.696 349.912 988.682 344.174
951.504 344.196 959.979 424.491 902.804 427.222 868.365 507.45 831.106 556.154 1020.05 424.422 1040.05 521.799 1037.35 610.55 925.612 607.655 934.175 742.438 931.468 879.806 997.299 607.729 997.288 745.144 997.322 879.713 942.757 332.762 968.628 330.014 925.704 349.919 988.681 344.174
951.504 344.227 959.979 424.495 902.804 427.234 865.508 507.45 816.902 535.964 1020.05 424.423 1040.07 521.799 1037.39 610.565 925.612 607.637 934.215 742.439 931.468 879.826 997.309 607.729 997.3 745.144 997.376 879.743 942.757 332.794 968.628 332.635 925.714 349.966 988.652 344.176
951.505 344.252 959.968 424.499 902.767 427.236 862.651 507.45 813.904 515.948 1020.05 424.429 1040.07 521.799 1040.05 610.565 925.635 607.633 934.219 745.116 931.468 879.826 997.333 607.743 997.344 745.144 997.377 879.788 942.778 332.809 968.634 332.651 925.715 349.978 988.636 344.178
951.52 344.253 959.948 424.502 902.733 427.237 859.883 507.466 811.018 498.865 1020.06 424.43 1040.07 521.8 1040.05 610.572 925.625 607.633 934.229 745.116 931.464 879.827 997.333 607.764 997.344 745.144 997.385 879.793 942.789 332.817 968.634 332.654 925.719 349.979 988.636 344.178
951.52 347.004 959.948 424.508 902.723 427.238 859.679 510.234 811.015 487.436 1020.06 424.437 1040.07 521.819 1040.05 610.606 925.615 607.633 934.25 745.116 931.458 879.828 997.343 607.767 997.354 745.144 997.399 879.797 942.791 332.819 968.637 332.654 925.72 352.656 988.636 344.195
951.521 347.009 959.948 424.508 902.723 427.243 859.64 510.274 811.015 470.387 1020.06 424.438 1040.07 521.827 1040.05 610.624 925.615 607.637 934.25 745.116 931.456 879.836 997.367 607.788 997.378 745.156 1000.04 879.81 942.793 332.838 971.287 332.672 925.737 352.684 988.636 344.244
951.535 347.023 959.948 424.529 902.723 427.243 857.02 510.311 811.015 467.312 1020.06 424.466 1040.07 521.85 1040.02 610.628 925.625 607.652 934.257 745.131 931.456 879.839 997.367 607.801 997.378 745.19 1000.05 879.828 942.819 332.851 971.302 332.682 925.737 352.692 988.645 346.995
951.548 347.033 959.958 424.537 902.723 427.252 857.012 510.335 811.015 461.601 1020.06 424.487 1040.07 524.62 1040.02 610.636 925.633 607.681 934.259 745.152 931.456 879.839 997.368 607.829 997.378 745.19 1000.07 879.832 942.846 332.857 971.322 332.7 925.746 352.699 988.681 347.065
951.56 347.092 959.995 424.542 902.764 427.272 857.01 510.343 811.131 447.397 1020.06 424.496 1040.07 524.639 1040.02 610.646 925.635 607.709 934.259 745.214 931.456 879.877 997.376 610.536 997.378 745.19 1000.08 879.875 942.853 332.871 971.343 332.739 925.746 352.722 988.681 347.065
951.56 349.849 959.999 427.207 902.774 427.339 857.01 513.046 828.234 447.212 1020.06 424.509 1040.07 524.669 1040.02 610.675 925.635 607.715 934.259 745.214 931.473 879.877 997.376 610.538 997.343 745.19 1000.08 879.898 942.854 332.918 971.346 332.788 925.746 352.744 988.681 349.832
951.56 349.853 959.999 427.227 902.813 427.344 857.01 513.046 834.001 441.599 1020.03 424.509 1040.07 524.669 1040.02 610.679 925.635 607.731 934.257 745.255 934.226 879.881 997.376 610.538 997.336 745.184 1000.08 879.907 942.854 335.554 971.346 332.791 925.746 352.754 988.681 349.839
951.56 349.864 960.001 427.227 902.816 427.344 857.01 513.046 839.761 438.727 1020.03 424.509 1040.05 524.671 1040.02 613.393 925.636 607.732 934.257 745.273 934.23 879.885 997.376 610.538 997.317 745.184 1000.08 879.909 942.854 335.562 971.346 332.807 925.746 352.766 988.667 349.846
951.56 349.868 960.003 427.246 902.817 430.11 857.01 513.085 839.769 438.727 1020.03 424.514 1040.05 524.68 1040.02 613.4 925.636 607.739 934.257 745.281 934.244 879.885 997.37 610.544 997.314 745.184 1000.08 879.917 942.853 335.566 971.346 332.81 925.727 352.776 988.667 349.847
951.557 349.868 960.008 427.258 905.463 430.136 857.01 513.105 856.871 438.727 1017.4 424.516 1040.05 524.689 1037.38 613.411 925.636 607.749 934.244 745.295 934.246 879.885 997.37 610.546 997.314 745.184 1000.08 879.924 942.839 335.575 971.331 332.815 925.722 352.784 988.639 349.863
951.557 349.864 962.805 427.258 905.463 430.136 857.01 513.129 862.719 438.727 1017.4 424.516 1040.04 524.689 1037.36 613.436 925.645 607.776 934.242 745.298 934.246 879.885 997.37 610.548 997.301 745.239 1000.08 882.556 942.836 335.594 971.331 332.818 925.719 352.785 988.639 349.897
951.557 349.868 962.805 427.246 905.463 430.11 856.853 513.132 882.541 441.478 1017.4 424.521 1037.38 524.699 1037.36 613.44 925.645 607.826 934.242 745.31 934.245 879.889 997.364 610.595 997.301 745.283 1000.08 882.56 942.836 335.622 971.331 332.827 925.703 352.802 988.639 349.898
951.557 349.871 962.805 427.246 905.463 427.346 856.817 513.133 885.645 447.314 1017.4 424.529 1037.38 524.7 1037.36 613.444 925.645 610.532 934.225 745.33 934.245 879.889 997.362 610.601 997.301 745.313 1000.08 882.568 942.836 335.623 971.331 332.832 925.703 352.825 988.639 349.918
951.563 349.879 962.805 427.267 902.783 427.346 856.78 513.143 899.795 461.582 1017.41 424.54 1037.38 527.453 1037.36 613.446 925.645 610.554 934.218 745.334 934.245 879.897 997.362 610.615 997.301 748.05 1000.08 882.578 942.836 335.626 971.331 332.833 925.703 352.835 988.639 349.925
951.565 349.919 957.188 427.267 902.65 427.346 856.774 513.18 902.564 467.312 1017.41 427.208 1037.38 527.48 1037.36 613.45 925.59 610.56 934.208 748.008 934.245 879.897 997.356 610.618 997.305 748.053 1000.08 882.578 945.563 335.657 971.333 332.88 925.703 352.835 988.639 349.94
951.571 349.957 957.188 427.243 902.65 427.33 856.774 513.201 902.564 467.312 1020.02 427.208 1037.38 527.485 1037.36 613.464 925.59 610.584 934.208 748.014 934.245 879.909 997.327 610.634 997.313 748.054 1000.08 882.609 945.567 335.697 971.335 332.902 925.717 352.835 988.64 349.94
951.577 352.631 957.188 427.243 902.65 427.33 856.757 513.201 902.564 467.312 1020.02 427.213 1037.39 527.489 1037.36 613.466 925.59 610.597 934.208 748.016 934.245 882.575 997.315 610.667 997.322 748.07 1000.08 882.643 945.567 335.722 971.34 332.91 925.717 352.836 988.645 349.94
954.224 352.638 957.188 427.267 902.65 427.346 856.774 513.201 902.564 467.312 1020.03 427.22 1040.06 527.513 1037.36 613.469 925.59 610.604 934.208 748.016 934.245 882.588 997.315 613.402 997.324 748.106 1000.08 882.648 945.567 335.723 971.346 332.924 925.726 352.835 988.645 349.94
954.224 352.639 965.65 427.269 905.594 427.359 856.78 513.201 896.922 458.717 1020.03 427.22 1040.07 530.298 1037.36 613.507 925.608 610.607 934.211 748.016 934.253 882.633 997.315 613.426 997.327 748.109 1000.08 882.684 945.567 335.727 971.346 335.563 925.731 352.841 988.668 349.918
954.232 352.639 965.65 427.334 905.594 430.193 856.78 513.144 885.633 447.303 1020.04 427.22 1040.07 530.303 1037.36 613.507 925.626 610.614 934.214 748.037 934.259 882.668 997.327 613.449 997.331 750.877 1000.09 882.687 945.576 335.727 971.348 335.563 925.731 352.837 988.685 349.916
954.234 352.639 965.669 427.353 905.594 432.968 856.855 513.138 879.684 444.367 1020.04 427.22 1040.07 530.319 1037.36 616.253 925.642 610.628 934.211 748.085 934.282 882.695 997.336 613.481 997.332 750.961 1000.09 882.697 945.586 335.723 971.351 332.924 925.733 352.837 988.686 349.916
954.241 352.638 965.673 427.357 905.594 432.968 856.865 513.102 862.687 444.328 1020.05 427.22 1040.09 530.319 1040.02 616.253 925.723 610.636 934.214 748.117 934.286 882.707 1000.06 613.489 997.332 750.98 1000.1 882.697 945.586 335.722 971.369 332.91 925.758 352.841 991.406 349.916
954.268 352.627 965.686 427.363 905.558 432.968 856.865 513.094 856.929 444.328 1020.08 427.229 1040.09 530.319 1040.07 616.264 928.384 610.641 934.214 750.876 937.039 882.715 1000.11 616.291 997.338 750.982 1000.1 882.697 945.635 335.677 971.402 332.914 928.416 352.844 991.479 349.918
954.318 352.627 965.686 427.363 905.558 432.961 856.903 513.054 839.758 444.328 1020.1 427.271 1040.1 530.319 1040.08 616.27 928.397 610.656 934.217 750.898 937.082 882.715 1000.13 616.304 997.35 753.769 1000.1 882.697 945.719 335.677 971.466 332.914 928.439 352.844 991.515 349.954
954.343 352.627 965.686 427.366 905.556 432.961 856.899 513.029 833.815 444.328 1020.14 427.301 1040.11 530.323 1040.12 616.281 928.445 610.658 934.221 750.978 937.103 882.715 1000.19 616.331 997.356 753.769 1000.11 882.681 945.725 335.664 971.479 332.913 928.488 352.846 991.555 349.957
954.344 352.627 965.712 430.1 905.551 432.961 856.899 510.382 822.494 447.227 1020.17 427.346 1040.13 530.328 1040.12 616.281 928.452 610.658 934.222 750.978 937.109 882.726 1000.19 616.331 997.365 753.769 1000.11 882.681 948.39 335.664 971.492 332.908 928.526 352.852 994.245 352.622
957.089 352.626 965.714 430.106 905.551 432.961 856.9 510.382 816.752 447.31 1020.17 427.35 1040.14 530.338 1040.15 616.334 928.485 610.659 934.225 750.984 937.13 882.726 1000.21 616.336 997.373 753.77 1000.11 882.681 948.451 335.664 971.54 332.91 928.586 352.852 994.269 352.629
957.109 352.627 965.724 430.119 905.551 432.961 856.907 510.357 811.152 447.321 1020.18 427.363 1040.15 530.339 1040.18 616.342 928.492 610.659 934.235 753.777 937.146 882.726 1000.21 616.342 997.388 753.781 1000.11 882.681 948.46 335.664 971.558 332.913 928.587 352.852 994.278 352.63
957.109 352.627 965.727 430.12 905.556 432.967 856.918 510.338 811.031 447.325 1020.18 427.371 1040.16 530.375 1040.19 616.353 928.492 610.659 934.258 753.786 939.946 882.726 1000.21 616.342 997.394 753.781 1000.11 882.707 948.46 335.664 971.558 332.914 928.599 352.855 994.278 352.633
957.109 352.628 965.729 430.146 905.559 432.967 856.924 510.338 811.031 447.349 1020.18 430.099 1040.17 530.394 1040.2 619.115 928.492 610.659 934.277 753.786 939.96 882.726 1000.21 616.342 997.397 753.765 1000.1 882.713 948.46 335.666 971.558 335.553 928.599 352.857 994.278 352.642
957.109 352.628 965.729 430.152 905.558 432.97 856.925 510.338 811.031 447.366 1020.18 430.099 1040.17 530.394 1040.2 619.145 928.492 610.655 934.28 753.786 939.969 882.738 1000.21 616.342 1000.06 753.754 1000.1 882.752 948.46 335.666 971.558 335.553 928.599 352.857 994.278 352.66
954.394 352.637 965.729 430.152 905.558 432.978 856.981 510.338 811.031 447.377 1020.17 430.099 1040.17 530.394 1040.2 619.145 928.487 610.655 937.038 753.776 939.972 882.754 1000.21 616.329 1000.07 753.749 1000.1 882.766 948.448 335.677 971.527 335.567 928.599 352.858 994.247 352.672
954.384 352.638 965.729 430.152 905.558 433.004 856.987 513.057 813.905 447.377 1020.17 430.099 1040.16 530.394 1040.2 619.145 928.481 610.66 937.038 753.776 939.982 882.755 1000.21 616.329 1000.07 753.744 1000.1 882.79 948.447 335.683 971.524 335.573 928.582 352.865 994.23 352.681
954.352 352.64 965.708 430.155 905.558 433.004 857.019 513.208 816.901 447.412 1020.16 430.082 1040.16 530.387 1040.2 619.145 928.465 610.66 937.039 753.758 939.984 882.783 1000.19 616.323 1000.07 753.731 1000.1 882.794 948.413 335.694 971.502 335.584 928.54 352.875 994.208 352.681
954.348 352.64 965.698 430.163 905.558 433.022 859.775 515.971 831.151 447.412 1020.15 430.081 1040.15 530.377 1040.2 619.106 928.46 610.664 937.076 753.735 939.984 882.802 1000.18 616.288 1000.07 750.972 1000.1 885.493 948.405 335.696 971.495 335.584 928.511 352.877 994.206 352.681
954.34 352.64 965.698 430.163 905.558 433.023 862.601 516.18 836.964 447.412 1020.14 427.375 1040.15 530.371 1040.19 619.104 928.46 613.415 937.085 750.95 939.989 882.81 1000.18 616.274 1000.07 750.938 1000.11 885.494 945.735 335.694 971.485 335.584 928.49 352.875 994.205 352.684
954.34 352.64 965.698 430.155 905.558 433.023 862.601 521.851 856.811 450.156 1020.1 427.371 1040.14 530.367 1040.18 616.352 928.449 613.416 937.085 750.95 939.989 882.81 1000.17 616.274 1000.06 750.938 1000.11 885.509 945.718 335.694 971.484 335.584 928.46 352.877 991.527 352.684
954.328 352.638 965.693 430.163 905.555 433.043 862.601 524.631 862.625 450.171 1020.1 427.371 1040.14 530.361 1040.17 616.352 928.429 613.454 937.085 750.935 939.989 882.81 1000.17 616.271 1000.06 750.923 1000.12 885.509 945.683 335.697 971.477 335.576 928.434 352.877 991.518 352.684
954.325 352.64 965.662 430.173 905.555 435.834 862.601 524.631 882.549 453.105 1020.1 427.371 1040.13 530.346 1040.17 616.352 928.424 613.478 937.085 750.935 939.989 882.808 1000.17 616.271 1000.06 750.923 1000.14 885.509 945.678 335.699 971.473 335.576 928.424 352.882 991.516 352.684
954.298 352.64 962.87 432.944 905.516 435.866 859.902 524.631 888.433 470.235 1020.1 427.375 1040.13 530.345 1040.17 616.354 928.429 616.262 937.087 750.935 939.989 882.808 1000.17 616.258 1000.07 750.938 1000.14 885.494 945.673 335.711 971.46 335.589 928.424 352.882 991.501 352.693
954.264 352.64 960.019 432.955 902.763 435.872 859.704 524.631 902.691 476.017 1020.1 430.1 1040.13 530.345 1040.17 619.104 928.433 616.265 937.087 750.935 939.99 882.808 1000.17 616.271 1000.07 750.958 1000.15 882.814 945.654 335.713 971.43 335.589 928.419 352.887 991.491 352.709
954.264 352.64 960.019 432.955 902.763 435.834 859.694 521.862 902.691 478.815 1020.1 430.1 1040.13 530.345 1040.17 619.121 928.447 616.285 937.089 750.941 939.996 882.808 1000.17 616.272 1000.08 750.959 1000.15 882.811 945.654 335.727 971.43 335.592 928.419 352.897 991.472 352.716
954.264 352.64 960.019 432.955 902.763 435.834 859.694 521.862 902.691 478.815 1020.1 430.1 1040.13 530.345 1040.18 619.123 928.447 616.285 937.089 750.941 940.0 882.804 1000.17 616.281 1000.08 750.965 1000.15 882.811 945.654 335.73 971.428 335.592 928.424 352.899 991.472 352.716
954.264 352.643 960.019 432.955 902.763 435.854 859.694 521.862 902.691 478.815 1020.13 430.1 1040.17 530.379 1040.19 619.144 928.447 616.285 937.1 750.941 942.767 882.804 1000.2 616.281 1000.09 750.965 1000.15 882.811 945.654 338.43 971.428 335.6 928.429 352.915 991.472 352.716
954.287 352.651 962.884 430.192 902.818 435.854 859.704 521.862 897.036 476.017 1020.13 430.091 1040.2 530.412 1040.2 619.175 928.474 616.265 937.118 750.958 942.781 882.817 1002.95 616.306 1000.13 753.793 1000.17 882.811 945.659 338.433 971.428 335.6 928.453 355.564 991.472 352.716
954.304 352.651 965.754 430.178 905.633 435.854 859.857 524.689 879.742 461.679 1020.17 427.368 1040.25 530.412 1040.25 619.187 928.547 616.263 937.142 750.958 942.803 882.817 1003.01 616.306 1000.15 753.803 1000.19 882.821 945.689 338.437 971.44 335.6 928.485 355.564 991.517 352.716
954.32 352.669 968.506 430.176 905.691 435.852 859.918 524.689 865.439 461.679 1020.17 427.367 1040.27 530.412 1040.3 619.187 928.547 613.498 939.901 750.958 942.845 882.817 1003.01 616.306 1000.17 753.803 1002.92 885.498 945.702 338.452 971.454 335.6 928.584 355.571 994.207 352.729
954.322 352.677 968.508 430.176 905.691 435.852 862.569 524.689 865.436 461.679 1020.18 427.364 1040.27 530.412 1040.31 619.187 928.547 613.483 939.904 750.975 942.847 882.82 1003.01 616.306 1000.19 753.803 1002.92 885.498 945.703 338.492 971.457 335.6 928.585 355.581 994.208 352.73
954.361 352.678 968.517 430.176 905.691 435.854 862.575 524.689 856.93 461.679 1020.18 427.338 1040.29 530.408 1040.32 619.19 928.555 613.432 939.913 750.958 942.86 882.82 1003.01 616.256 1000.19 753.8 1002.94 885.498 948.399 338.493 971.497 335.6 928.611 355.581 994.232 352.73
957.155 352.687 968.517 430.178 905.691 438.645 865.529 524.656 842.561 464.488 1020.19 427.338 1040.29 530.39 1040.33 619.188 928.557 613.416 939.924 750.939 942.863 882.826 1003.01 616.256 1000.21 753.803 1002.96 885.498 948.479 338.493 971.58 335.621 931.333 355.582 994.298 352.76
957.184 352.687 968.523 430.179 905.691 438.645 868.32 521.827 834.092 470.229 1020.23 427.338 1040.3 530.378 1040.34 619.187 928.562 610.664 939.924 750.933 942.866 882.826 1003.02 616.256 1002.92 753.803 1002.97 885.484 948.519 338.493 974.203 335.631 931.354 355.607 994.321 352.77
957.192 352.687 968.565 432.943 905.711 438.645 868.32 518.994 828.198 470.25 1020.29 427.338 1042.96 530.378 1042.92 619.186 928.571 610.664 939.939 750.92 945.565 885.479 1003.03 613.498 1002.94 753.8 1002.97 882.813 948.531 338.492 974.205 335.631 931.374 355.607 994.353 352.77
959.988 352.687 968.641 432.944 908.394 438.649 868.32 516.16 813.944 473.062 1022.96 427.352 1042.99 530.378 1042.94 619.174 928.588 610.653 939.976 750.92 945.624 885.501 1005.79 616.256 1002.95 753.768 1003.0 882.804 948.575 338.492 974.253 335.631 931.427 355.607 994.387 352.77
962.813 352.681 971.318 432.949 908.422 438.649 868.32 516.133 808.256 473.069 1022.99 427.363 1043.02 530.378 1042.95 619.174 928.627 610.658 939.984 750.871 945.629 885.509 1005.82 616.257 1002.96 753.768 1003.03 882.798 948.619 338.46 974.316 335.631 931.447 355.592 994.441 352.765
962.872 352.664 971.318 432.951 908.433 438.649 868.299 516.133 802.426 473.204 1023.02 427.37 1043.05 530.411 1042.96 619.188 928.65 610.653 942.78 750.871 945.674 885.523 1005.84 616.261 1002.99 753.768 1005.79 882.752 948.659 335.735 974.363 335.613 931.451 355.589 994.487 352.765
962.881 352.664 971.318 432.977 908.433 438.649 868.299 516.133 802.426 478.824 1023.02 427.379 1043.06 533.127 1042.98 619.188 928.65 610.643 942.783 748.153 945.686 885.523 1005.87 616.261 1005.78 753.784 1005.83 882.748 948.667 335.735 974.372 335.613 931.455 355.592 994.487 352.761
962.898 352.664 971.318 432.977 908.442 438.652 868.299 516.133 802.426 484.476 1023.02 427.379 1043.07 533.127 1043.0 619.204 928.65 610.643 942.806 748.153 945.709 885.523 1005.87 616.261 1005.81 753.762 1005.84 882.711 948.68 335.735 974.372 335.613 931.455 355.589 994.487 352.761
962.906 352.664 971.317 432.981 908.442 438.667 868.299 516.192 802.426 487.376 1023.02 427.379 1043.08 533.127 1043.02 619.204 928.65 610.653 942.809 748.153 945.718 885.523 1005.88 616.261 1005.87 753.762 1005.86 882.702 948.68 335.735 974.373 335.613 931.455 355.587 994.487 352.754
962.91 352.689 971.317 432.981 908.442 438.667 868.399 518.93 805.312 490.245 1023.02 427.379 1043.09 533.127 1043.02 619.204 928.64 610.658 942.815 750.9 945.727 885.501 1005.88 616.261 1005.87 753.762 1008.64 882.702 948.682 338.437 974.38 335.635 931.451 355.576 994.466 352.754
962.912 352.689 971.317 432.981 908.445 438.667 874.111 518.974 808.193 493.175 1023.02 427.332 1043.11 530.402 1043.02 619.204 928.64 610.658 942.827 750.918 948.373 885.501 1005.88 616.266 1005.87 753.762 1008.71 882.702 951.27 338.437 974.386 335.635 931.451 355.575 994.466 352.736
962.912 352.689 971.317 432.982 908.445 438.667 874.114 518.974 808.203 493.184 1023.02 427.332 1043.11 530.388 1043.02 619.2 928.635 610.657 942.827 750.918 948.381 885.501 1005.88 616.261 1005.88 753.744 1008.71 882.702 951.27 338.437 974.386 335.635 931.451 355.56 994.466 352.735
965.666 352.689 971.326 432.982 908.447 438.641 876.935 518.974 811.025 498.939 1023.04 427.332 1043.11 530.387 1043.03 619.172 928.635 610.659 942.827 750.918 948.393 885.501 1005.88 616.253 1005.88 753.732 1008.72 882.711 951.274 338.437 974.386 335.635 931.451 355.553 994.466 352.721
965.681 352.682 971.353 432.982 908.448 438.641 879.663 518.974 811.179 510.282 1023.08 427.332 1043.11 530.359 1043.03 619.172 928.635 610.665 942.828 750.918 948.397 885.501 1005.88 616.253 1008.64 750.98 1008.72 882.738 951.276 335.727 974.396 335.599 931.439 355.552 994.485 352.687
965.715 352.682 971.379 432.981 908.473 438.639 879.687 518.95 813.932 515.941 1023.1 427.339 1043.12 530.359 1043.03 619.172 928.641 610.665 942.846 750.899 948.405 885.505 1008.65 616.253 1008.64 750.975 1008.74 882.745 951.308 335.721 974.409 335.596 931.449 355.548 994.49 352.687
965.766 352.682 971.392 432.974 908.526 435.906 879.693 518.911 813.965 527.535 1023.11 427.348 1043.12 530.359 1043.04 619.172 931.316 610.665 942.852 748.15 948.41 885.505 1008.66 616.253 1008.64 750.975 1011.48 882.745 951.312 335.721 974.456 335.593 931.451 355.548 997.143 352.686
965.771 352.682 971.408 432.974 908.529 435.902 879.707 518.91 814.032 538.882 1023.12 427.352 1043.13 530.359 1043.04 619.198 931.325 613.426 945.573 748.15 948.412 885.505 1008.68 616.266 1008.65 750.98 1011.49 882.745 951.314 335.721 974.456 335.593 931.451 355.545 997.153 352.679
965.777 352.684 971.437 432.974 908.546 435.846 879.715 518.91 825.331 556.178 1025.86 427.369 1043.13 530.387 1043.07 621.966 931.325 613.486 945.579 748.15 948.412 885.501 1008.71 616.299 1008.73 750.985 1011.51 882.745 951.318 335.721 974.463 335.593 931.477 355.545 997.185 352.679
968.489 352.686 971.449 432.974 911.276 435.846 879.75 518.911 836.849 573.319 1025.86 427.37 1043.14 530.399 1043.09 621.995 931.325 613.504 945.582 748.146 948.416 885.486 1008.71 616.321 1011.48 750.957 1011.55 882.725 951.329 335.725 974.475 335.594 934.18 355.545 997.208 352.687
968.528 352.694 971.454 432.974 911.276 435.846 879.803 518.95 851.127 587.604 1025.86 427.371 1043.15 533.114 1043.1 622.013 931.316 616.292 945.579 748.146 948.416 885.485 1008.71 616.321 1011.48 750.973 1011.6 882.717 951.37 335.727 977.133 335.596 934.262 355.534 997.223 352.687
968.55 352.694 971.461 432.974 911.276 435.846 879.808 521.75 859.633 607.615 1025.86 427.379 1043.15 533.114 1043.1 622.013 931.316 616.313 945.579 748.146 948.416 885.482 1008.71 616.321 1011.48 750.973 1014.32 882.709 951.393 335.727 977.163 335.613 934.262 355.534 997.223 352.695
968.55 352.694 971.461 432.998 911.294 435.894 882.643 524.706 865.502 613.403 1025.86 427.379 1043.15 533.114 1043.1 622.013 928.597 616.313 945.579 748.076 948.416 882.794 1008.67 616.321 1011.48 750.973 1014.32 882.707 951.393 335.727 977.163 335.613 934.262 355.534 997.223 352.703
968.55 352.694 971.454 433.002 911.283 438.647 885.556 533.132 879.923 622.052 1025.85 427.379 1043.15 533.114 1043.1 622.013 928.597 616.313 945.582 748.074 948.418 882.762 1008.67 616.273 1011.48 750.949 1014.33 882.696 951.393 335.725 977.163 335.613 934.262 355.534 997.223 352.706
968.55 352.688 971.449 433.029 911.276 438.721 891.229 536.017 888.444 627.643 1025.85 427.371 1043.13 530.391 1043.08 621.99 928.597 616.313 945.582 748.011 948.418 882.729 1008.66 613.456 1011.48 750.89 1014.33 882.682 951.393 335.724 977.163 335.613 934.231 355.553 997.218 352.715
968.507 352.685 971.441 433.029 911.276 438.732 897.023 536.017 894.094 627.643 1023.12 427.367 1043.11 530.386 1043.05 621.966 928.597 616.255 945.589 745.206 948.419 882.726 1008.64 610.601 1011.48 748.125 1014.33 882.642 951.341 335.723 977.132 335.604 931.473 355.556 997.188 352.715
968.488 352.68 971.432 433.029 911.274 438.732 899.771 536.017 896.991 627.643 1023.12 427.361 1043.11 530.372 1043.05 621.957 928.655 610.651 945.655 745.173 948.441 882.72 1008.64 610.599 1011.48 748.113 1014.33 882.635 951.334 335.723 974.491 335.602 931.423 355.562 997.156 352.715
968.482 352.678 971.426 433.029 911.262 438.732 902.632 536.017 899.879 627.643 1023.11 427.313 1043.11 530.369 1043.05 619.195 928.661 610.65 945.667 745.099 948.442 882.72 1008.64 610.596 1011.51 748.072 1014.33 882.627 951.328 335.723 974.482 335.596 931.381 355.578 997.152 352.713
965.73 352.678 971.418 432.98 908.553 438.732 902.632 535.977 899.879 627.643 1023.11 427.291 1043.11 530.355 1043.05 619.184 928.661 610.65 945.705 745.099 948.449 882.72 1005.88 610.596 1011.52 748.072 1014.35 882.623 951.271 335.723 974.428 335.586 931.376 355.585 997.125 352.711
965.658 352.675 971.392 432.971 908.499 438.728 902.632 535.961 899.879 627.626 1023.11 427.273 1043.13 530.341 1043.07 619.174 928.661 610.647 945.705 745.099 948.451 882.714 1008.64 610.562 1011.59 748.035 1014.35 882.615 948.641 335.729 974.372 335.58 931.361 355.608 994.475 352.706
962.841 352.672 971.385 432.944 908.493 438.707 902.632 535.961 899.879 624.917 1023.11 427.253 1043.16 530.322 1043.13 619.166 928.661 610.619 945.705 745.189 948.452 882.714 1008.64 610.522 1014.33 748.027 1014.37 882.61 948.591 335.729 974.313 335.575 931.36 355.608 994.448 352.705
962.826 352.657 971.384 430.185 908.489 438.651 902.614 535.956 899.855 624.917 1023.1 427.248 1043.17 530.314 1043.22 619.164 928.634 610.58 945.655 745.19 948.457 882.714 1008.64 607.812 1014.33 748.027 1014.37 882.61 948.579 335.729 974.295 335.557 931.346 355.608 994.445 352.697
960.054 352.636 971.384 430.168 908.489 435.866 902.614 535.956 899.855 624.916 1023.1 427.242 1043.17 527.553 1043.22 619.164 928.634 610.58 945.652 745.19 948.465 882.697 1008.68 607.812 1014.33 748.027 1014.37 882.606 948.568 335.729 974.273 332.914 931.346 355.608 994.437 352.697
959.99 349.973 971.384 430.144 908.487 435.838 902.614 535.947 899.855 624.916 1023.1 427.214 1043.17 527.529 1043.22 619.164 928.634 610.58 945.634 745.212 948.468 882.692 1008.7 607.812 1014.33 748.027 1014.37 882.606 948.526 335.696 974.238 332.858 931.346 355.581 994.432 352.628
959.99 349.919 971.385 430.133 908.487 435.814 902.597 533.294 899.855 624.908 1023.1 427.214 1043.17 527.529 1043.22 619.141 928.634 610.58 945.604 745.234 948.468 882.676 1008.7 607.812 1014.33 748.027 1014.37 882.606 948.526 335.655 974.238 332.802 931.346 355.546 994.432 349.908
959.99 349.919 971.388 430.133 908.487 435.814 902.597 533.294 902.628 624.908 1025.83 427.214 1043.16 527.529 1043.2 619.141 928.652 610.58 942.864 745.236 948.465 882.676 1008.71 607.812 1014.33 748.027 1014.37 882.613 948.526 335.655 974.238 332.802 931.352 355.546 994.432 349.908
959.99 349.919 971.389 430.133 908.487 435.814 902.597 535.956 902.628 624.908 1025.83 427.214 1043.13 527.529 1043.16 619.141 931.315 610.58 942.742 745.27 948.457 882.676 1008.72 607.812 1014.36 748.101 1014.37 882.655 948.526 335.655 974.238 332.802 931.375 355.546 994.445 349.908
960.031 349.919 971.394 430.133 908.487 435.814 902.597 535.956 902.628 624.927 1025.83 427.248 1043.12 530.357 1043.09 619.141 931.322 613.395 939.986 745.296 945.733 882.676 1008.71 610.549 1014.36 750.929 1014.38 882.723 948.532 335.655 974.274 332.802 931.376 355.546 994.47 349.908
965.658 352.652 971.405 432.939 908.49 435.856 899.888 535.978 902.628 624.931 1025.83 427.331 1043.08 533.139 1043.07 622.006 931.322 613.443 937.14 748.123 945.727 882.682 1008.7 613.397 1014.38 759.462 1014.38 885.478 948.655 335.736 974.376 332.913 931.401 355.599 994.48 352.678
965.723 352.857 971.409 441.46 908.516 444.298 899.888 538.852 902.594 627.838 1025.86 435.825 1043.07 533.285 1043.0 624.927 931.322 622.001 934.269 762.264 945.618 885.507 1008.69 621.968 1014.42 762.373 1014.45 885.551 948.665 344.228 974.415 338.556 931.465 355.794 997.13 355.539
965.746 358.492 971.425 444.49 908.545 444.576 899.888 544.644 902.592 633.5 1025.86 444.364 1043.07 538.926 1043.0 630.517 928.652 627.693 931.331 765.338 945.618 888.39 1008.65 624.928 1017.1 765.352 1017.11 888.424 951.295 352.772 974.427 352.639 934.244 367.141 997.173 361.365
968.553 372.751 971.435 453.06 908.55 455.868 899.888 558.993 902.59 647.852 1025.86 450.239 1043.07 547.605 1043.0 639.169 928.632 633.536 928.516 771.015 945.618 894.068 1005.86 630.696 1017.17 773.808 1017.11 891.301 951.388 355.791 977.18 355.703 934.307 375.743 997.256 372.864
968.557 372.877 971.487 464.407 911.322 461.664 899.907 561.899 902.564 650.719 1025.89 464.467 1043.07 559.06 1043.0 650.609 928.583 647.817 928.467 782.409 945.593 894.068 1005.82 647.724 1017.2 785.205 1014.47 897.0 951.401 358.622 977.187 358.568 939.91 378.569 997.3 378.462
971.377 372.877 971.508 464.407 911.33 461.664 899.907 561.899 899.907 650.719 1025.89 464.467 1043.06 559.06 1043.0 650.609 928.533 647.817 928.394 782.409 945.593 894.068 1003.03 647.724 1017.23 785.205 1014.47 897.0 951.534 358.622 980.021 358.568 942.775 378.569 997.336 378.462
971.377 372.877 971.508 464.407 911.33 461.664 899.907 561.899 899.906 650.719 1025.89 464.467 1043.06 559.06 1043.02 650.609 928.522 647.817 925.759 782.409 945.593 894.068 1003.01 647.724 1017.23 785.205 1014.47 897.0 951.534 358.622 980.021 358.568 942.775 378.569 997.336 378.462
971.377 372.877 971.508 464.407 911.33 461.664 899.907 561.899 899.886 650.719 1025.89 464.467 1043.06 559.06 1043.02 650.609 928.504 647.817 925.759 782.409 945.593 891.223 1002.98 647.724 1017.23 785.205 1017.13 897.0 951.534 358.622 980.021 358.568 942.775 378.569 997.336 378.462
971.377 352.819 971.508 444.392 911.33 444.282 899.741 541.825 899.779 639.211 1025.86 444.488 1043.03 539.02 1043.02 630.733 928.447 630.626 925.759 768.235 945.593 885.615 1002.96 630.613 1017.23 768.049 1017.14 885.586 951.534 344.228 980.021 341.331 942.775 358.62 997.336 355.707
971.349 332.619 971.441 421.545 908.543 421.484 888.473 513.176 899.766 607.637 1023.13 421.628 1040.3 516.15 1043.02 610.619 928.402 607.769 925.759 748.092 942.81 879.89 1002.94 607.773 1017.23 748.096 1014.47 882.805 951.527 324.164 980.021 321.281 939.996 335.713 997.336 332.787
968.648 309.869 971.381 398.632 908.506 398.499 888.467 490.242 897.026 584.817 1023.06 401.355 1040.25 493.159 1042.98 590.575 928.402 584.787 928.479 733.773 931.422 876.97 1002.94 584.851 1017.22 739.404 1014.44 879.772 951.489 304.091 977.288 301.263 937.102 312.764 997.336 309.903
968.626 287.058 968.638 378.661 905.682 378.555 882.733 470.33 896.966 564.822 1023.03 381.403 1040.22 475.971 1042.93 576.227 928.402 567.63 928.479 713.719 931.32 859.751 1002.95 570.45 1017.15 719.446 1014.39 862.723 951.451 283.904 977.279 281.225 934.284 295.478 997.332 292.693
968.61 266.966 968.619 367.082 905.654 364.292 882.733 464.514 894.107 558.896 1022.98 367.085 1040.21 467.198 1042.93 559.138 928.402 556.195 928.514 696.605 931.32 842.56 1002.94 556.119 1014.46 696.588 1014.34 836.981 951.416 261.171 977.222 261.148 934.24 283.909 997.331 281.184
968.526 261.172 968.601 355.595 905.654 355.609 882.733 450.281 885.631 541.845 1020.27 355.608 1040.19 453.002 1040.32 547.555 928.434 541.841 928.52 687.852 931.32 831.153 1002.94 539.038 1014.4 685.053 1005.82 819.662 951.407 252.561 977.197 249.653 934.177 269.802 997.331 266.834
968.501 261.172 968.581 352.788 905.654 352.835 882.723 447.411 885.578 539.022 1020.26 352.765 1040.19 447.356 1040.28 541.778 928.434 538.949 928.514 679.41 931.32 816.873 1002.94 536.166 1014.37 679.285 1002.93 819.653 951.339 249.726 977.197 246.868 931.466 264.148 997.331 263.967
968.482 261.172 968.556 352.788 905.652 352.835 882.687 447.411 885.536 539.022 1020.24 352.765 1040.16 447.356 1040.27 541.778 928.434 538.949 928.514 679.41 931.47 816.873 1002.94 536.166 1011.52 679.285 1002.93 819.653 951.339 249.726 977.191 246.868 931.466 264.148 997.331 263.967
968.482 261.172 968.54 352.788 905.652 352.835 882.687 447.411 885.524 539.022 1020.23 352.765 1040.16 447.356 1040.22 541.778 928.434 538.949 928.514 679.41 931.47 816.873 1000.22 536.166 1008.66 679.285 1002.93 819.653 951.339 249.726 977.163 246.868 931.466 264.148 997.323 263.967
968.477 261.176 968.535 352.788 905.67 352.835 882.687 447.411 885.476 539.022 1020.23 352.765 1040.14 447.356 1040.2 541.778 925.736 538.949 928.514 679.41 934.187 816.873 1000.15 536.166 1003.02 679.285 1002.93 819.653 951.339 249.726 977.157 246.868 931.466 264.148 997.272 263.967
965.76 266.97 968.531 358.533 905.671 358.531 882.644 458.756 885.476 547.545 1020.21 358.466 1040.1 453.087 1040.19 547.607 925.688 544.662 928.514 690.776 934.187 828.226 1000.12 541.812 1003.02 690.801 1005.79 831.095 951.361 261.168 977.144 261.121 931.483 278.301 997.226 275.471
968.482 284.077 968.531 375.574 905.676 375.655 882.644 467.452 882.742 559.061 1020.21 372.85 1040.08 467.469 1040.14 561.806 925.68 558.961 928.495 699.455 934.187 836.939 1000.07 558.897 1002.99 699.406 1005.82 848.247 951.379 275.409 977.137 272.56 934.299 287.049 997.226 286.875
968.482 306.814 968.531 390.001 905.69 390.036 882.644 487.342 882.732 576.218 1020.21 387.136 1040.04 487.357 1040.12 579.102 925.677 573.326 928.489 719.446 934.187 856.763 997.401 570.504 1002.99 719.276 1011.59 856.769 951.38 289.787 977.137 289.758 937.044 306.974 997.226 306.877
968.502 327.002 968.531 407.231 905.698 407.188 882.644 507.4 882.732 596.197 1020.21 404.456 1037.37 507.397 1040.09 599.075 925.676 587.681 928.406 736.595 934.187 868.326 997.328 587.647 1003.02 733.76 1014.38 868.366 951.448 309.94 977.137 309.948 937.09 329.723 997.226 327.071
968.542 349.932 968.612 430.08 905.704 427.278 882.738 524.668 882.732 616.255 1020.21 427.379 1037.32 530.365 1040.09 619.165 925.633 610.535 928.406 753.777 934.268 879.669 997.328 610.541 1003.02 750.983 1014.39 879.775 951.451 332.883 977.144 332.893 937.13 352.678 997.255 352.675
968.607 367.087 968.624 450.209 905.704 447.463 885.556 547.528 882.732 636.313 1020.21 450.231 1037.27 550.462 1040.08 642.128 925.599 627.809 928.406 765.115 937.089 879.763 997.328 627.832 1003.02 765.273 1014.39 882.575 951.462 355.569 977.257 355.609 937.13 369.984 997.261 372.826
968.607 367.087 968.624 450.209 905.704 447.463 885.556 547.528 882.742 636.313 1020.21 450.231 1034.47 550.462 1040.04 642.128 925.596 627.809 928.389 765.115 937.109 879.906 997.327 627.832 1003.02 765.273 1014.4 882.575 951.462 355.569 977.257 355.609 937.13 369.984 997.261 372.826
968.607 367.087 968.624 450.209 905.704 447.463 885.556 547.528 882.765 636.313 1020.21 450.231 1034.46 550.462 1040.03 642.128 925.588 627.809 928.389 765.115 937.109 879.906 997.324 627.832 1002.98 765.273 1014.41 882.575 951.462 355.569 977.257 355.609 937.13 369.984 997.261 372.826
968.607 367.087 968.624 450.209 905.682 447.463 885.556 547.528 882.765 636.313 1020.21 450.231 1034.44 550.462 1040.03 642.128 925.582 627.809 928.389 765.115 937.109 879.906 997.324 627.832 1002.98 765.273 1014.45 882.575 951.462 355.569 977.257 355.609 937.126 369.984 997.261 372.826
965.695 352.637 968.493 444.332 905.635 441.573 882.769 538.877 882.765 630.541 1020.13 444.473 1034.4 541.828 1037.37 633.488 925.581 627.657 928.406 762.358 937.089 879.906 997.288 627.74 1002.95 762.344 1014.45 879.736 951.413 335.722 974.436 335.733 937.04 355.709 997.129 355.763
962.919 329.828 965.714 421.52 905.554 421.412 882.739 516.037 882.742 607.769 1020.1 421.654 1025.93 516.179 1037.24 610.644 925.5 604.76 928.413 739.379 934.229 871.168 997.288 604.882 1000.21 742.323 1014.45 879.661 951.409 315.63 974.389 318.409 934.24 332.87 994.478 332.892
962.894 309.732 962.868 401.372 902.846 398.66 882.651 493.093 882.673 584.739 1020.07 401.479 1025.83 496.072 1034.4 590.588 922.731 584.737 928.434 722.226 928.606 862.596 997.185 584.864 1000.15 722.383 1014.45 862.726 951.324 301.242 974.359 301.2 934.189 312.738 994.46 312.649
960.035 289.765 957.15 381.505 902.601 381.425 882.549 478.827 882.673 567.568 1020.05 384.271 1023.08 484.495 1034.4 579.092 922.697 567.605 928.431 707.948 928.592 859.775 997.152 570.497 1000.07 713.665 1014.45 862.635 948.67 283.993 974.34 284.035 931.375 298.374 994.434 304.071
954.352 278.246 954.376 372.819 902.595 372.783 882.549 470.221 882.673 559.036 1017.31 372.893 1023.07 470.113 1034.4 562.009 922.661 559.027 928.431 699.319 928.592 851.141 994.469 559.002 1000.06 699.279 1008.73 854.004 948.461 264.05 971.567 264.045 928.551 284.126 994.332 286.805
954.315 266.947 954.291 361.394 899.846 361.369 879.924 464.486 882.673 556.08 1017.28 361.416 1023.05 464.39 1031.64 558.973 919.884 550.431 928.443 693.669 928.592 836.931 994.463 553.238 997.289 693.635 1002.99 836.737 945.717 261.141 971.536 261.147 928.414 275.508 994.309 281.083
951.516 266.947 951.539 361.394 896.987 361.369 879.909 464.486 882.687 556.08 1017.21 361.416 1023.02 464.39 1031.64 558.973 922.661 550.431 928.45 693.669 928.592 836.931 994.463 553.238 997.234 693.631 1000.06 836.737 942.796 261.141 971.396 261.147 925.673 275.508 991.511 281.083
951.364 266.947 951.495 361.394 894.147 361.369 879.909 464.486 882.687 556.08 1017.17 361.416 1023.01 464.39 1031.64 558.973 922.661 550.431 928.443 693.669 928.622 836.931 994.463 553.238 997.138 693.631 997.181 836.737 937.093 261.141 968.6 261.147 925.54 275.508 991.469 281.083
948.553 266.947 951.414 361.394 891.304 361.369 879.882 464.486 882.687 556.08 1014.47 361.416 1023.0 464.39 1031.64 558.973 919.94 550.431 928.431 693.669 928.622 836.931 994.457 553.238 994.494 693.631 994.486 836.737 931.384 261.141 962.912 261.147 922.792 275.508 988.569 281.083
948.519 278.29 951.343 367.142 891.29 370.013 879.803 467.466 882.687 558.931 1011.6 364.247 1022.99 467.221 1028.78 559.028 919.884 556.196 928.396 696.583 928.622 839.703 994.454 556.069 994.494 693.631 994.461 836.978 931.377 264.057 960.012 263.974 922.785 283.926 980.071 281.199
948.507 284.149 951.34 375.817 891.288 378.486 879.75 475.99 882.591 564.77 1011.56 375.759 1020.3 470.263 1025.94 564.723 919.836 561.938 928.393 705.063 928.622 848.28 994.368 561.854 994.494 699.465 994.432 856.766 931.377 278.306 960.0 275.411 922.747 289.887 980.0 289.763
948.492 306.804 951.281 395.639 891.277 395.748 879.75 493.023 879.885 581.921 1008.68 392.852 1020.28 490.115 1025.91 581.857 917.082 579.033 925.702 719.512 928.6 856.954 994.367 576.229 994.483 719.472 994.395 859.731 931.368 289.809 959.954 289.802 922.7 306.977 977.232 306.994
948.492 326.959 951.281 410.099 891.277 415.753 879.75 510.316 879.885 599.133 1008.68 407.193 1020.26 504.578 1025.9 596.236 917.055 596.257 925.624 742.214 928.6 871.239 994.33 593.409 994.477 739.449 994.377 862.678 931.363 309.941 959.954 309.948 922.7 327.007 977.232 327.064
948.492 349.846 951.281 430.168 891.288 433.003 879.75 533.279 879.885 621.97 1008.68 427.349 1020.26 524.677 1025.89 619.132 917.052 610.621 925.624 753.793 928.6 879.712 994.294 607.807 994.477 759.438 994.354 879.78 931.363 332.838 959.954 332.839 922.7 349.867 977.232 349.917
948.492 355.605 951.281 447.387 891.29 447.293 879.75 547.567 879.885 633.519 1008.68 447.44 1020.26 544.658 1025.84 633.582 917.037 633.456 925.624 765.333 928.6 885.476 994.278 630.649 994.477 765.332 991.522 885.496 931.368 349.881 959.954 349.813 922.721 364.233 977.232 364.309
948.521 355.605 951.349 447.387 894.079 447.293 879.75 547.567 879.805 633.519 1011.52 447.44 1020.22 544.658 1023.12 633.582 914.218 633.456 925.599 765.333 931.31 885.476 994.266 630.649 994.477 765.332 991.522 885.496 931.383 349.881 960.023 349.813 922.74 364.233 977.271 364.309
948.566 355.605 951.363 447.387 894.081 447.293 879.75 547.567 879.805 633.519 1011.54 447.44 1020.21 544.658 1023.1 633.582 914.183 633.456 922.819 765.333 931.31 885.476 991.547 630.649 994.402 765.332 991.522 885.496 931.395 349.881 962.853 349.813 922.747 364.233 977.292 364.309
948.566 355.605 951.363 447.387 894.081 447.293 879.795 547.567 879.855 633.519 1011.54 447.44 1020.21 544.658 1023.0 633.582 908.559 633.456 922.819 765.333 931.31 885.476 988.643 630.649 994.402 765.332 991.522 885.496 931.395 349.881 962.853 349.813 922.74 364.233 977.292 364.309
948.566 332.645 951.363 427.241 894.081 424.477 879.795 519.02 879.855 610.561 1011.54 430.103 1020.21 533.219 1022.97 619.21 908.559 613.43 925.599 748.034 931.31 879.682 988.635 613.436 994.402 745.178 994.369 879.669 931.395 326.961 962.853 324.118 922.74 344.144 980.008 341.382
948.566 332.635 951.349 427.24 894.079 424.475 879.738 519.015 879.755 610.538 1011.54 430.103 1020.21 533.209 1022.97 619.191 908.524 613.425 925.51 748.022 928.648 879.676 988.634 613.43 994.402 745.177 994.372 879.659 931.395 326.947 962.853 324.108 922.74 341.371 980.042 341.377
948.52 309.925 951.272 404.322 891.238 401.57 876.989 493.193 879.752 584.761 1008.7 407.176 1020.2 507.457 1022.96 599.072 908.524 590.511 925.51 725.234 928.645 865.553 988.634 590.546 994.402 722.262 997.117 868.377 931.358 306.807 962.838 304.103 922.72 318.383 980.048 321.282
948.512 283.895 951.269 375.609 888.429 375.571 876.989 467.441 879.672 559.058 1008.7 375.701 1020.2 473.061 1022.96 564.814 908.524 559.065 925.51 699.42 928.645 848.339 988.634 559.042 994.415 696.61 997.305 856.847 931.356 269.71 962.833 266.909 922.643 286.927 980.051 286.922
948.5 266.942 948.586 361.455 885.573 361.403 876.989 464.408 876.978 547.603 1008.67 364.221 1020.18 467.301 1022.96 558.937 908.522 553.313 925.57 693.677 928.645 834.056 988.601 550.455 994.435 690.77 997.363 836.884 931.317 261.157 960.037 261.074 919.915 278.299 980.048 278.335
948.464 266.892 948.578 355.771 885.542 355.775 876.989 458.797 876.953 547.535 1005.84 355.731 1020.14 458.761 1020.31 550.375 908.53 544.664 925.603 690.709 928.645 825.411 988.601 541.859 994.435 687.906 997.366 825.418 928.662 261.09 960.017 260.999 919.912 272.614 980.042 272.563
948.463 266.892 948.54 355.771 885.528 355.775 876.985 458.797 876.906 547.535 1005.82 355.731 1020.1 458.761 1020.31 550.375 908.533 544.664 925.616 690.709 928.645 825.411 988.634 541.859 994.435 687.906 997.366 825.418 928.66 261.09 960.017 260.999 919.902 272.614 980.042 272.563
948.38 266.892 948.535 355.771 885.51 355.775 876.971 458.797 876.893 547.535 1005.8 355.731 1020.09 458.761 1020.3 550.375 908.533 544.664 925.693 690.709 928.645 825.411 991.402 541.859 994.435 687.906 997.363 825.418 928.583 261.09 957.156 260.999 919.832 272.614 980.0 272.563
948.38 266.892 948.497 355.771 885.512 355.775 876.941 458.797 876.893 547.535 1002.99 355.731 1020.08 458.761 1020.3 550.375 908.544 544.664 925.724 690.709 928.645 825.411 991.421 541.859 994.435 687.906 997.305 825.418 928.541 261.09 957.142 260.999 914.217 272.614 977.195 272.563
945.681 281.206 948.439 367.139 885.51 367.117 876.926 467.452 876.891 559.045 1000.16 367.096 1020.08 464.545 1020.3 558.849 911.319 553.324 925.724 696.61 928.577 836.752 991.438 553.256 994.477 696.618 997.281 842.632 928.539 266.86 954.318 264.14 914.188 284.091 974.395 283.971
945.583 289.847 948.439 378.528 885.51 378.591 876.926 478.767 876.891 567.607 1000.14 375.822 1020.08 470.334 1020.3 562.028 914.166 564.717 925.724 710.816 928.577 853.955 991.477 561.928 994.477 707.948 997.237 859.726 928.505 284.056 951.535 283.967 914.173 295.48 974.261 292.601
942.846 309.905 948.439 398.492 885.51 398.603 876.941 493.189 876.893 584.783 1000.14 395.707 1020.09 490.217 1020.3 581.915 914.215 581.815 925.724 722.251 928.577 862.572 991.502 578.994 997.115 719.417 997.233 871.195 928.469 304.133 951.517 304.051 914.171 312.68 974.261 309.956
942.846 332.731 948.439 418.656 885.512 421.409 876.985 515.94 876.914 604.855 1000.14 415.806 1020.09 510.266 1022.99 596.262 916.981 601.904 922.808 739.482 928.577 874.021 991.534 593.427 997.259 736.629 997.222 876.848 928.469 326.919 951.517 324.15 914.171 332.822 974.261 332.71
942.846 352.806 948.442 435.88 885.583 438.736 879.65 536.125 879.74 624.815 1000.14 430.203 1020.09 527.52 1023.05 613.486 917.058 622.001 922.808 759.449 928.607 879.893 994.262 613.43 997.26 753.803 997.222 882.623 928.458 341.311 951.517 338.506 914.171 355.561 974.261 352.852
945.583 369.92 948.511 450.146 885.584 450.189 879.787 550.467 879.784 636.362 1000.18 447.411 1020.09 539.105 1023.06 630.776 919.839 630.707 922.808 768.036 928.632 882.675 994.287 630.568 997.26 765.225 997.222 882.694 928.469 355.675 951.535 355.614 914.171 375.544 974.277 372.765
945.603 372.776 948.532 450.214 888.35 450.189 879.914 550.467 882.636 639.211 1002.92 450.235 1020.12 553.228 1023.09 639.223 919.93 636.321 922.808 768.18 934.185 882.733 994.317 633.5 997.294 768.134 997.213 882.71 928.469 355.785 954.225 355.692 914.173 375.61 974.339 372.801
945.612 372.776 948.583 450.214 888.363 450.189 879.914 550.467 882.636 639.211 1002.96 450.235 1020.15 553.228 1023.12 639.223 919.934 636.321 922.808 768.18 934.185 882.733 994.327 633.5 997.307 768.134 997.213 882.71 928.482 355.785 954.23 355.692 914.202 375.61 974.351 372.801
945.612 372.776 948.601 450.214 888.384 450.189 879.914 550.467 882.636 639.211 1003.03 450.235 1020.19 553.228 1025.83 639.223 919.934 636.321 922.808 768.18 934.185 882.733 994.343 633.5 997.294 768.134 997.213 882.71 928.482 355.785 954.23 355.692 917.009 375.61 974.374 372.801
945.645 372.776 948.638 450.214 888.39 450.155 879.914 547.58 882.636 639.211 1005.86 450.235 1020.23 553.228 1025.9 639.223 919.934 636.321 925.552 768.18 934.218 882.733 994.344 633.5 997.294 768.134 997.213 882.71 928.495 355.785 954.255 355.692 917.014 375.61 974.379 372.801
945.645 361.463 948.648 444.578 888.4 444.576 879.908 539.098 879.887 630.728 1005.86 444.577 1020.25 541.863 1025.9 630.735 919.934 630.638 925.556 765.232 934.223 882.589 994.388 630.579 997.281 765.312 997.3 882.696 928.506 352.9 954.255 352.83 917.039 364.263 974.388 364.217
945.649 355.621 948.668 444.277 888.459 444.307 879.858 536.213 879.887 630.508 1008.63 444.279 1020.25 538.871 1025.9 627.844 919.938 627.835 925.556 762.309 934.223 879.877 994.437 627.822 997.281 765.138 997.314 882.694 928.546 349.845 954.261 347.01 917.077 358.47 974.388 355.717
945.688 352.772 951.274 438.643 891.242 438.68 879.858 536.005 879.887 627.608 1008.7 435.894 1020.26 536.038 1025.91 624.926 919.938 622.039 925.556 750.933 934.223 879.877 994.437 622.05 997.281 762.292 997.322 882.673 928.556 338.532 954.296 338.429 917.091 355.578 974.404 352.843
945.6665 354.1965 949.971 441.46 889.8505 441.49350000000004 879.7715000000001 536.1089999999999 879.855 629.058 1007.28 440.0865 1020.255 537.4545 1025.9050000000002 626.385 919.927 624.9355 924.1800000000001 755.2275 932.847 879.847 994.4375 624.9359999999999 997.276 762.315 997.323 882.6745 928.551 344.1885 954.2785 342.7195 917.0840000000001 357.024 974.388 354.28
945.6975 351.3695 951.299 435.80899999999997 892.6579999999999 435.846 879.7715000000001 534.616 879.886 626.2525 1010.11 434.418 1020.26 534.588 1025.91 624.8505 921.2905000000001 622.021 925.6120000000001 749.539 934.2255 879.8009999999999 994.466 620.5965 997.276 760.892 997.3344999999999 882.6565 928.557 337.078 954.3055 335.6715 918.46 354.2405 974.4125 352.79
947.114 348.52599999999995 951.351 432.981 894.107 433.019 879.795 533.1955 881.304 624.8710000000001 1012.9300000000001 432.956 1020.27 533.1865 1025.92 624.845 922.6665 622.021 927.0705 749.539 934.2284999999999 879.8009999999999 994.441 620.5840000000001 997.259 759.483 997.3344999999999 882.6565 929.9390000000001 334.2205 957.154 332.8605 919.8589999999999 352.818 975.8045 352.7405
948.54 348.459 951.396 432.981 895.54 433.019 879.8589999999999 533.1955 882.7355 624.8710000000001 1014.355 432.956 1020.285 533.1865 1025.92 624.845 922.703 622.0225 928.501 750.918 934.2385 879.8675000000001 994.4565 620.5725 997.248 758.0775000000001 997.3295 882.6655000000001 931.3475000000001 332.84450000000004 960.022 332.83000000000004 921.271 352.72950000000003 977.202 352.7405
